//
size 160 90
w    0 0 0 90
w    0 0  160 0 
w    0 90 160 90
w     160 0 160 90 

w 0 40 10 40
w 10 40 20 60
w 30 70 30 90
w 20 0 50 60    
w 30 20 30 30
w 60 10 50 10
w 50 10 70 50
w 70 50 70 90
w 70 30 100 0
w 90 90 120 60
w 110 30 140 0
w 140 0 140 40
w 140 60 140 90

h 5 25
h 5 35
h 15 5
h 25 75
h 35 5
h 35 15
h 35 85
h 55 65
h 85 5
h 85 55
h 85 65
h 95 35
h 95 45
h 115 15
h 115 55
h 125 25 
h 125 85
h 135 75
h 145 25
h 145 75
h 145 85
h 155 55

s 5 5
s 105 85 
s 155 85

start 5 75
finish 145 5