//
size 160 90
w    0 0 0 90
w    0 0  160 0
w    0 90 160 90
w     160 0 160 90

w    10 10 30 10
w    30 10 30 15
w    30 15 0 60
w    20 90 40 60
w    40 60 60 90
w    40 20 40 40
w    40 0 70 50
w    70 20 80 20
w    80 20 80 90
w    80 30 100 10
w    100 10 140 10
w    140 10 90 60
w    160 20 100 80
w    100 80 130 80
w    130 80 150 60

h    5 65
h    15 25
h 35 55
h 45 45
h 55 5
h 65 65
h 65 85
h 85 8
h 85 35
h 105 15
h 105 35
h 135 65
h 155 35


s    15 15
s    35 45
s    125 15

start 5 85
finish 115 75

