size 160 90
w    0 0 0 90
w    0 0  160 0
w    0 90 160 90
w     160 0 160 90

w 10 10 10 20
w 10 30 10 40
w 10 50 10 60
w 10 70 10 80
w 20 50 20 70
w 20 50 40 50
w 20 70 40 70
w 40 70 50 60
w 40 50 50 60
w 30 10 30 30
w 30 30 60 30
w 50 30 70 50
w 70 50 70 70
w 70 70 50 90
w 40 0 40 20
w 60 30 60 10
w 60 10 80 10
w 80 10 80 20
w 80 30 80 50
w 80 60 80 70
w 80 80 80 90
w 90 90 90 80
w 90 70 90 0
w 100 0 100 20
w 100 30 100 40
w 100 40 110 40
w 100 50 100 90
w 100 50 110 50
w 120 50 150 50
w 140 50 140 80
w 120 40 140 40
w 140 40 140 0

h 5 5
h 5 15
h 5 45
h 5 85
h 25 25
h 55 25
h 65 35
h 65 65
h 65 85
h 95 85
h 105 5
h 105 35
h 105 45
h 105 55
h 105 75
h 115 25
h 125 45
h 135 25
h 135 35
h 135 55
h 145 35
h 145 55
h 155 85


s 5 75
s 135 45
s 135 15

start 45 85
finish 155 5