size 160 90
w    0 0 0 90
w    0 0  160 0
w    0 90 160 90
w     160 0 160 90

w 0 40 10 40
w 10 40 30 20
w 0 60 10 60
w 10 60 60 10
w 60 10 20 10
w 10 80 50 80
w 20 80 70 30
w 70 30 80 30
w 80 0 80 40
w 60 60 70 60
w 70 60 70 90
w 80 50 80 90
w 90 80 90 90
w 90 60 100 60
w 110 0 110 30
w 110 30 120 10
w 120 10 130 30
w 130 30 130 0
w 110 90 120 50
w 120 50 130 90
w 120 50 120 40
w 140 30 140 20
w 140 20 150 20
w 150 20 150 60
w 150 60 140 60
w 140 60 140 50



h 5 25
h 5 65
h 35 75
h 65 65
h 75 25
h 75 75
h 85 5
h 85 85
h 95 15
h 105 5
h 105 85
h 125 45
h 135 75
h 155 5
h 155 85

s 5 35
s 95 85
s 135 85

start 5 45
finish 155 45