//
size 320 180
w    0 0 0 180
w    0 0  320 0
w    0 180 320 180
w     320 0 320 180

w 24 0 24 80
w 24 80 40 80
w 40 80 40 155
w 40 155 20 155
w 60 40 80 40
w 80 40 80 180
w 160 0 160 20
w 160 20 140 20
w 140 20 140 140
w 140 140 180 140
w 140 60 180 60
w 180 23 220 23
w 220 23 220 180
w 180 100 220 100
w 260 140 260 0
w 300 30 300 180

h 10 130
h 50 10
h 50 130
h 70 50
h  90 90
h 90 170
h 110 50
h 110 130
h 150 10
h 150 30
h 150 70
h 150 130
h 150 150
h 210 90
h 210 170
h 230 70
h 230 90
h 250 10
h 250 150
h 270 10
h 270 70
h 270 90
h 290 150


s 90 130
s 150 50
s 310 100

start 10 10
finish 310 170
