//
size 320 180
w    0 0 0 180
w    0 0  320 0
w    0 180 320 180
w     320 0 320 180

w 40 40 40 140
w 40 140 100 140
w 100 140 100 60
w 100 60 140 60
w 77 0 77 115
w 160 0 160 16
w 160 40 160 180
w 160 100 220 100
w 220 120 220 80
w 220 80 260 80
w 260 80 257 60
w 183 80 186 80
w 180 40 280 40
w 280 40 280 103
w 280 103 243 103
w 243 103 243 143
w 283 143 203 143

h 10 10
h 10 110
h 30 70
h 50 70
h 50 170
h 70 10
h 90 10
h 90 150
h 110 50
h 110 70
h 150 50
h 150 110
h 150 130
h 150 170
h 170 50
h 170 130
h 170 170
h 210 10
h 210 90
h 230 150
h 270 30
h 270 130
h 290 90
h 310 10
h 310 170

s 130 50
s 250 70
s 250 130

start 150 90
finish 170 90
